finished uploading
travel-to-la
k=40
time	expanded	visited	terminated	depth	cost	trace
0.78000116	12	71	0	1	1	7
1.20120215	15	86	8	1	1	7
1.87200308	21	126	16	1	1	7
2.16840315	24	141	22	1	1	7
2.60520411	32	156	42	0	3	8
6.52081108	68	273	139	0	4	9
7.33201218	85	345	148	1	4	10
8.33041406	92	397	149	2	1	8
12.27722120	104	463	192	2	1	8
16.47362924	119	554	235	2	1	8
19.15683317	129	607	270	2	1	8
34.67886114	232	1019	496	1	3	13
37.36206508	248	1077	520	1	5	22
38.46966720	250	1089	528	1	5	24
40.70047116	270	1175	562	1	4	14
49.54568720	331	1415	698	1	3	15
53.24289322	347	1473	723	1	5	25
54.91209602	349	1485	733	2	5	27
60.15370512	387	1655	798	1	4	16
63.80411220	415	1757	853	1	4	17
65.34851408	430	1817	884	1	3	15
68.59332013	449	1917	905	1	5	26
69.93492222	452	1940	913	1	5	28
75.48853207	485	2055	985	1	4	19
79.23253918	512	2160	1053	1	3	17
83.56934619	531	2260	1075	1	5	29
85.86255002	534	2283	1085	2	5	31
89.35695720	558	2350	1143	1	3	9
98.93537307	615	2575	1303	1	3	16
99.87137508	620	2590	1315	1	3	16
105.06618404	635	2671	1366	2	3	18
105.84618616	640	2687	1378	2	3	18
107.03178811	646	2713	1395	1	3	17
107.96778917	651	2738	1405	1	3	17
109.15339112	656	2766	1413	2	3	19
110.43259406	661	2791	1424	2	3	19
175.28190708	955	3865	2111	0	5	15
180.25831604	975	3962	2168	1	5	18
181.86511922	989	4030	2200	0	5	16
235.54481316	1143	4689	2614	2	6	30
finished uploading
travel-2
k=40
time	expanded	visited	terminated	depth	cost	trace
0.71760082	8	57	0	1	1	7
1.07640195	12	77	3	1	1	7
1.68480301	18	120	7	1	1	7
1.96560287	21	137	10	1	1	7
3.46320581	31	202	32	2	1	8
4.13400698	36	233	35	2	1	8
5.08560896	43	287	38	2	1	8
5.63160992	47	315	41	2	1	8
18.17403197	82	463	223	0	3	8
19.95243502	86	493	251	0	4	10
32.18285584	204	1015	382	1	3	13
34.27325988	224	1111	405	1	4	14
41.04367185	277	1354	482	1	3	15
46.31648088	315	1544	527	1	4	16
56.30049896	365	1756	630	1	4	17
57.73570085	380	1825	648	1	3	15
63.33611083	417	1968	707	1	4	19
67.03331780	444	2089	750	1	3	17
78.23413682	469	2198	883	1	4	11
78.40573788	472	2214	884	1	3	9
96.25216889	525	2420	1292	2	4	11
96.31456900	527	2425	1293	1	4	10
96.36136889	529	2430	1294	0	4	9
124.41021800	665	3075	1471	1	5	22
125.29941988	667	3088	1475	1	5	25
126.17302084	669	3102	1478	1	5	24
127.31182289	672	3124	1487	1	5	26
129.01222587	674	3137	1497	2	5	27
130.21342897	677	3160	1502	1	5	29
131.61743093	680	3184	1510	1	5	28
133.64543486	683	3207	1521	2	5	31
162.84868598	808	3896	1737	1	3	14
164.47108889	814	3920	1761	1	5	17
165.78149080	820	3946	1767	1	3	14
167.59109402	826	3970	1796	1	5	17
177.65311193	899	4293	1888	2	2	12
177.80911183	901	4298	1889	2	2	12
186.17072701	923	4403	1967	2	2	12
186.32672691	925	4408	1968	2	2	12
202.06715488	985	4719	2099	1	2	11
finished uploading
travel-3
k=40
time	expanded	visited	terminated	depth	cost	trace
0.73320198	8	57	0	1	1	7
1.07640195	12	77	3	1	1	7
1.65360284	18	120	6	1	1	7
1.93440390	21	137	9	1	1	7
3.43200588	33	207	30	2	1	8
4.11840701	38	238	33	2	1	8
5.07000899	45	292	37	2	1	8
5.63160992	49	320	40	2	1	8
17.59683084	78	451	237	0	3	8
19.01643395	86	488	263	0	4	10
35.36526203	208	1036	448	1	3	13
37.64286590	228	1132	471	1	4	14
44.19487786	280	1374	539	1	3	15
49.49888682	318	1564	584	1	4	16
59.18650389	368	1776	686	1	4	17
60.91810703	383	1845	704	1	3	15
66.65891695	420	1988	765	1	4	19
70.02852297	447	2109	808	1	3	17
84.19334793	479	2214	1000	1	3	9
84.53654885	484	2243	1001	1	4	11
91.33816099	525	2458	1061	1	3	16
91.71256089	528	2473	1065	1	3	16
96.72017002	541	2562	1098	2	3	18
97.25057101	544	2578	1102	2	3	18
98.03057194	548	2606	1105	1	3	17
98.87297392	552	2632	1111	1	3	17
99.98057580	556	2660	1116	2	3	19
101.08817792	560	2687	1122	2	3	19
108.27978992	562	2638	1385	1	4	10
108.37339091	566	2648	1387	0	4	9
141.78864884	737	3392	1669	1	5	22
142.70905089	739	3405	1673	1	5	25
143.86345291	741	3418	1681	1	5	24
144.72145391	744	3441	1685	1	5	26
146.56225801	746	3454	1695	2	5	27
147.74785995	749	3477	1700	1	5	29
149.12066197	752	3501	1708	1	5	28
151.13306594	755	3524	1719	2	5	31
151.64786696	764	3570	1720	2	4	11
191.81793690	890	4316	1974	1	3	14
finished uploading
travel-4
k=40
time	expanded	visited	terminated	depth	cost	trace
3.65040588	80	350	32	1	3	12
3.93120694	83	366	32	1	3	12
6.25561094	111	499	53	2	3	13
7.62841296	129	572	63	2	3	13
387.48907995	2178	10798	1966	2	4	14
387.56708002	2179	10800	1966	2	4	14
387.61387992	2180	10802	1966	1	4	13
387.66067982	2181	10804	1966	1	4	13
764.32334185	3618	16042	5336	2	5	27
765.22814393	3621	16058	5336	2	5	27
766.10174489	3624	16074	5336	3	5	26
766.97534704	3627	16090	5336	3	5	26
767.69294786	3630	16106	5336	2	5	26
768.41054893	3633	16122	5336	2	5	26
769.11255002	3636	16138	5336	2	5	25
769.83015203	3639	16154	5336	2	5	25
770.53215289	3642	16170	5336	2	5	25
771.23415399	3645	16186	5336	2	5	25
771.79575491	3648	16202	5336	1	5	24
772.34175587	3651	16218	5336	1	5	24
772.91895700	3654	16234	5336	2	5	25
773.49615788	3657	16250	5336	2	5	25
774.04215884	3660	16266	5336	2	5	24
774.60376000	3663	16282	5336	2	5	24
775.04056096	3666	16298	5336	1	5	23
775.47736192	3669	16314	5336	1	5	23
776.47576284	3684	16360	5337	2	5	19
777.05296397	3687	16376	5338	2	5	19
777.48976493	3690	16392	5339	1	5	18
777.92656589	3693	16408	5340	1	5	18
779.23696804	3717	16486	5354	0	5	14
781.15577197	3720	16491	5379	3	5	21
782.09177303	3723	16506	5384	3	5	21
784.44737697	3730	16521	5425	2	5	20
785.05577803	3733	16537	5427	2	5	20
timedout: 5811	25423	7713
finished uploading
travel-5
k=40
time	expanded	visited	terminated	depth	cost	trace
9.15721583	123	762	55	1	3	12
9.60961699	126	786	55	1	3	12
16.33322883	180	1133	92	2	3	13
18.36123180	198	1243	102	2	3	13
112.85059786	660	4668	621	2	4	14
112.94419885	661	4672	621	2	4	14
113.02219892	662	4676	621	1	4	13
113.08459902	663	4680	621	1	4	13
529.84668994	2633	17286	1991	1	4	21
531.46909189	2640	17328	1992	1	4	21
timedout: 4230	29500	4378
finished uploading
travel-6
k=40
time	expanded	visited	terminated	depth	cost	trace
0.99840212	9	83	0	1	1	7
1.43520308	12	108	3	1	1	7
5.36641002	39	349	17	2	1	8
6.24001098	43	389	20	2	1	8
12.35522199	78	620	68	1	2	14
13.68122411	81	645	71	1	2	14
18.72003317	99	783	93	2	2	14
20.10843515	101	812	93	2	2	14
22.55764008	106	869	93	2	2	14
23.94604206	108	898	93	2	2	14
31.13765502	124	1006	181	0	3	8
88.10895514	357	2793	381	2	2	15
95.26936698	361	2833	384	2	2	15
99.46577501	368	2909	389	2	2	15
104.20818305	378	2984	398	2	2	15
120.15141106	422	3344	460	3	2	16
124.20741796	427	3399	463	3	2	16
130.21342897	462	3629	500	1	3	15
140.82144713	479	3813	530	3	2	15
143.37985206	482	3857	530	3	2	15
148.20026016	488	3929	530	3	2	15
150.78986502	491	3973	530	3	2	15
156.01587415	500	4082	531	3	2	15
157.70067716	502	4111	531	3	2	15
160.19668102	505	4156	531	3	2	15
161.86588407	507	4185	531	3	2	15
167.80949497	521	4290	543	3	2	15
169.47869802	523	4319	543	3	2	15
171.97470212	526	4364	543	3	2	15
173.65950513	528	4393	543	3	2	15
188.01153016	581	4777	618	1	3	17
195.45274305	591	4900	623	4	2	16
198.52594900	594	4944	623	4	2	16
202.58195615	598	5004	623	4	2	16
205.63956118	601	5048	623	4	2	16
211.25557113	608	5136	623	4	2	16
214.32877707	611	5180	623	4	2	16
218.40038419	615	5240	623	4	2	16
221.45798898	618	5284	623	4	2	16
223.84479308	626	5356	626	1	2	16
finished uploading
travel-7
k=40
time	expanded	visited	terminated	depth	cost	trace
1.13880181	13	100	0	1	1	7
1.70040298	16	121	11	1	1	7
2.65200496	22	177	22	1	1	7
4.27440786	25	198	31	1	1	7
4.75800800	33	212	54	0	3	8
10.79521894	87	475	173	0	4	9
11.96522093	104	572	182	1	4	10
13.50962400	112	648	183	2	1	8
18.54843283	125	742	229	2	1	8
23.93044186	141	871	275	2	1	8
27.47164798	152	947	313	2	1	8
48.64088583	266	1531	596	1	3	13
51.85449100	282	1603	624	1	5	22
53.21169400	284	1620	632	1	5	24
56.20689893	304	1735	674	1	4	14
72.21252680	369	2103	885	1	3	15
76.48693395	385	2175	914	1	5	25
78.49933791	387	2192	924	2	5	27
85.95615101	425	2419	1005	1	4	16
90.49575901	453	2551	1075	1	4	17
92.64856291	468	2629	1117	1	3	15
97.11017084	487	2763	1142	1	5	26
99.34097481	490	2796	1150	1	5	28
106.45458698	523	2935	1258	1	4	19
111.50899601	550	3071	1349	1	3	17
117.26540589	569	3205	1375	1	5	29
119.83941102	572	3239	1379	2	5	31
124.86261892	597	3327	1455	1	3	9
139.57344484	662	3703	1649	1	3	16
140.25984597	667	3724	1660	1	3	16
147.65425897	682	3839	1714	2	3	18
148.60586095	687	3859	1727	2	3	18
150.08786392	693	3895	1744	1	3	17
151.32026601	698	3931	1753	1	3	17
152.91146898	703	3967	1763	2	3	19
154.56507182	708	4003	1773	2	3	19
239.60082102	1025	5573	2469	0	5	15
245.96563196	1045	5710	2526	1	5	18
248.07163596	1059	5803	2558	0	5	16
313.95055199	1213	6682	2972	2	6	30
finished uploading
travel-8
k=40
time	expanded	visited	terminated	depth	cost	trace
12.94802189	71	865	17	1	3	11
13.88402390	76	926	17	1	3	11
59.37370396	208	2629	102	1	3	11
60.15370488	211	2673	102	1	3	11
86.86095190	248	3278	209	1	4	12
86.86095190	248	3277	209	1	4	12
95.56576800	280	3688	215	2	4	13
99.20057392	296	3860	215	2	4	13
106.20498586	320	4194	223	2	3	12
108.79459095	329	4289	223	2	3	12
111.96139598	340	4439	225	2	3	12
113.58379889	349	4534	225	2	3	12
452.16679382	1115	14266	741	2	4	19
454.94359899	1120	14327	742	2	4	19
466.22241902	1155	14652	757	2	4	19
468.89002299	1160	14713	758	2	4	19
479.99724293	1195	15038	773	1	4	19
482.68044686	1200	15099	774	1	4	19
952.94327283	2196	26323	2644	2	4	13
953.16167402	2197	26335	2644	2	4	13
962.19408989	2208	26479	2644	1	4	12
962.36568999	2209	26491	2644	1	4	12
980.77372193	2247	26908	2644	2	4	19
982.89532590	2250	26952	2644	2	4	19
988.77653599	2257	27058	2644	2	4	19
990.88253999	2260	27102	2644	2	4	19
996.70134997	2267	27208	2644	1	4	19
998.79175401	2270	27252	2644	1	4	19
1016.80978584	2297	27492	2792	2	4	15
1017.18418598	2299	27509	2793	2	4	15
1021.14659286	2321	27696	2804	2	4	15
1021.52099395	2323	27713	2805	2	4	15
1026.02940202	2333	27831	2824	2	4	16
1027.12140393	2336	27867	2825	2	4	16
1030.74060988	2354	28043	2829	1	4	14
1031.03701091	2356	28060	2830	1	4	14
1034.04781580	2378	28247	2841	1	4	14
1034.32861590	2380	28264	2842	1	4	14
1037.62022185	2390	28390	2845	1	4	15
1038.47822380	2393	28426	2846	1	4	15
