finished uploading
travel-to-la
k=40
time	expanded	visited	terminated	depth	cost	trace
0.78000116	11	69	0	1	1	7
1.20120215	14	84	8	1	1	7
1.88760304	20	124	16	1	1	7
2.18400407	23	139	22	1	1	7
2.76120496	32	152	50	0	3	8
7.55041313	64	287	141	2	1	8
11.49722004	76	353	184	2	1	8
15.69362807	91	444	227	2	1	8
18.43923211	101	497	262	2	1	8
44.66287804	230	1037	594	2	3	18
45.45848012	235	1053	606	2	3	18
46.97168207	241	1081	618	2	3	19
48.26648498	246	1107	628	2	3	19
timedout: 3141	11561	5757
finished uploading
travel-2
k=40
time	expanded	visited	terminated	depth	cost	trace
0.71760106	7	55	0	1	1	7
1.06080198	11	75	3	1	1	7
1.65360308	17	118	6	1	1	7
1.93440294	20	135	9	1	1	7
3.32280612	27	185	30	2	1	8
4.00920701	32	216	33	2	1	8
4.97640896	39	270	37	2	1	8
5.53801012	43	298	40	2	1	8
56.75290012	216	1095	723	2	4	11
902.80022097	1848	8039	5092	0	3	8
902.95622110	1850	8051	5093	0	4	10
906.93422794	1898	8258	5143	1	3	13
910.95903516	1918	8354	5166	1	4	14
916.21624494	1959	8556	5211	1	3	15
920.05385113	1970	8609	5230	2	5	27
924.99906015	2008	8799	5272	1	4	16
930.00666904	2047	8969	5313	1	4	17
931.39507103	2062	9038	5331	1	3	15
936.48067999	2099	9185	5381	1	4	19
941.86268997	2135	9351	5429	1	3	17
946.41789794	2149	9437	5448	2	5	31
947.19789910	2165	9496	5449	1	4	11
947.38509893	2168	9512	5450	1	3	9
953.62511015	2183	9520	5680	1	4	10
964.65433002	2259	9849	5747	1	5	22
965.57473111	2261	9862	5751	1	5	25
966.76033306	2263	9875	5759	1	5	24
967.61833501	2266	9898	5763	1	5	26
968.80393696	2269	9922	5767	1	5	29
970.20793915	2272	9946	5775	1	5	28
1029.09804296	2443	10907	6173	2	2	12
1029.25404310	2445	10912	6174	2	2	12
1075.53932405	2532	11336	6447	2	2	12
1075.67972517	2534	11341	6448	2	2	12
1135.39662910	2658	11989	6809	2	3	14
1138.31383514	2679	12097	6829	2	4	15
1148.09505200	2739	12394	6887	2	3	16
1153.63306212	2751	12458	6906	3	5	28
1161.57667613	2762	12527	6927	4	5	30
1174.21269798	2775	12597	6968	4	6	33
finished uploading
travel-3
k=40
time	expanded	visited	terminated	depth	cost	trace
0.71760106	7	55	0	1	1	7
1.06080198	11	75	3	1	1	7
1.66920304	17	118	7	1	1	7
1.95000410	20	135	10	1	1	7
3.36960602	27	185	32	2	1	8
4.05600691	32	216	35	2	1	8
5.03880906	39	270	39	2	1	8
5.60040998	43	298	42	2	1	8
60.55930710	215	1111	699	2	3	18
61.08970809	218	1128	702	2	3	18
62.18170905	222	1156	706	2	3	19
63.32051110	226	1183	712	2	3	19
109.98019290	380	1894	1177	3	3	19
112.83499789	386	1942	1189	3	3	19
509.71529603	1344	5961	3433	4	3	16
525.89252400	1362	6088	3528	4	3	16
970.86770511	1868	8005	6261	4	5	31
971.08610606	1869	8008	6261	4	5	32
973.58210993	1874	8037	6274	4	5	31
973.80051112	1875	8040	6274	4	5	32
1091.83031797	2060	9067	6580	5	5	34
1098.58512998	2066	9114	6597	5	5	34
timedout: 2100	9245	6968
finished uploading
travel-4
k=40
time	expanded	visited	terminated	depth	cost	trace
5.92800999	87	402	47	1	3	12
6.20881081	90	418	47	1	3	12
8.01841402	110	511	63	2	3	13
9.42241597	128	584	73	2	3	13
110.88499498	674	3179	737	3	5	26
111.77419591	677	3195	737	3	5	26
112.97539783	680	3209	745	3	5	21
113.95819998	683	3224	750	3	5	21
1121.47782302	2097	10330	4721	5	7	43
1123.53702593	2100	10346	4721	5	7	43
timedout: 2194	10850	4872
finished uploading
travel-5
k=40
time	expanded	visited	terminated	depth	cost	trace
16.91042995	126	820	85	1	3	12
17.58123088	129	844	85	1	3	12
25.19404483	181	1185	117	2	3	13
27.56524897	199	1295	127	2	3	13
90.41775894	452	3217	417	2	4	14
90.52695894	453	3221	417	2	4	14
224.78079486	916	6234	1002	3	5	26
226.24719787	919	6258	1002	3	5	26
227.80719995	922	6281	1007	3	5	21
230.88040590	925	6303	1015	3	5	21
469.99762583	1355	9459	1942	4	6	21
470.21602583	1356	9463	1942	4	6	21
timedout: 2359	16445	3904
finished uploading
travel-6
k=40
time	expanded	visited	terminated	depth	cost	trace
1.10760212	7	77	0	1	1	7
1.56000209	10	102	3	1	1	7
3.13560510	17	178	7	2	1	8
4.02480698	21	218	10	2	1	8
14.22722507	59	511	67	2	2	14
15.83402705	61	540	67	2	2	14
18.54843211	66	597	67	2	2	14
20.04603505	68	626	67	2	2	14
29.85845208	93	830	90	3	2	15
31.74605489	95	859	90	3	2	15
37.15926504	98	904	90	3	2	15
39.01566792	100	933	90	3	2	15
45.27127910	114	1038	102	3	2	15
47.43968296	116	1067	102	3	2	15
50.20088792	119	1112	102	3	2	15
51.99489093	121	1141	102	3	2	15
252.59564304	386	2997	656	1	2	14
253.92164612	389	3022	659	1	2	14
272.57927799	442	3454	760	4	2	16
275.65248394	445	3498	760	4	2	16
279.72409105	449	3558	760	4	2	16
283.73329806	452	3602	760	4	2	16
289.31810808	459	3690	760	4	2	16
292.40691304	462	3734	760	4	2	16
296.49412012	466	3794	760	4	2	16
299.58292603	469	3838	760	4	2	16
400.43710303	603	4682	1056	3	2	16
404.52431011	608	4737	1059	3	2	16
412.37112403	621	4871	1067	3	2	15
414.92952800	624	4915	1067	3	2	15
418.82953501	630	4987	1067	3	2	15
421.38793993	633	5031	1067	3	2	15
903.66278696	1144	8733	2198	4	4	17
905.84679103	1148	8771	2198	4	4	17
912.32080197	1160	8885	2200	4	4	17
914.44240594	1164	8923	2200	4	4	17
timedout: 1350	10953	2746
finished uploading
travel-7
k=40
time	expanded	visited	terminated	depth	cost	trace
1.12320185	11	96	0	1	1	7
1.68480301	14	117	11	1	1	7
2.62080503	20	173	22	1	1	7
3.05760598	23	194	31	1	1	7
3.65040708	33	208	62	0	3	8
10.57681894	79	480	175	2	1	8
15.56882787	92	574	221	2	1	8
20.95083690	108	703	267	2	1	8
24.42964292	119	779	305	2	1	8
66.89291787	257	1623	731	2	3	18
67.86011887	262	1643	744	2	3	18
69.57612205	268	1681	756	2	3	19
71.24532485	273	1717	766	2	3	19
timedout: 2820	14720	5198
finished uploading
travel-8
k=40
time	expanded	visited	terminated	depth	cost	trace
timedout: 307	3659	639
