finished uploading
travel-to-la
k=40
time	expanded	visited	terminated	depth	cost	trace
0.76440191	11	69	0	1	1	7
1.23240185	15	85	10	1	1	7
1.95000386	22	126	20	1	1	7
2.41800499	27	144	35	1	1	7
3.33840585	43	202	56	1	5	18
5.52240992	59	270	80	2	7	31
6.73921204	64	282	102	0	3	8
10.99801993	88	355	210	1	6	16
14.44562602	110	456	239	2	9	28
16.19282889	121	505	248	2	8	27
20.56083584	132	555	264	3	10	41
30.17045283	143	605	285	4	12	58
32.37005687	154	642	316	2	8	28
37.51806593	170	714	346	3	9	47
46.75328183	191	783	392	3	11	41
49.71728802	199	808	410	2	10	39
58.03210187	216	900	478	1	3	9
60.07570601	238	968	515	1	3	16
61.13650799	245	986	538	1	3	16
65.78531599	283	1125	612	1	5	25
67.23611784	290	1145	636	1	5	25
69.12372184	299	1170	677	1	7	29
84.61454892	324	1267	737	4	13	57
106.86018801	335	1320	769	5	14	78
111.22819591	345	1349	790	3	11	42
115.00340199	355	1398	803	3	10	42
117.92060685	361	1420	816	3	10	43
128.82502699	381	1492	883	3	12	56
137.73264194	390	1537	917	3	12	55
167.02949405	440	1745	1032	2	9	45
178.68271399	482	1929	1126	2	9	44
208.61916685	556	2323	1305	4	11	66
242.14362597	652	2665	1630	2	11	39
301.75132990	689	2843	1809	5	15	76
316.85215688	707	2911	1827	4	14	76
337.13219190	718	2960	1871	4	14	75
348.61381292	724	2989	1895	4	14	74
488.63965893	894	3791	2431	6	16	101
512.28929996	1001	4374	2607	0	4	9
513.59970188	1017	4446	2618	1	7	28
finished uploading
travel-2
k=40
time	expanded	visited	terminated	depth	cost	trace
0.71760106	7	55	0	1	1	7
1.15440202	11	74	8	1	1	7
1.88760304	17	116	18	1	1	7
2.18400407	20	132	24	1	1	7
6.44281101	34	183	121	2	1	8
75.98773313	141	734	558	2	1	8
144.87745404	250	1308	995	2	1	8
147.68545890	258	1367	1025	2	1	8
150.32186413	270	1433	1057	1	4	10
673.81198311	1129	5566	4208	0	3	8
674.56078506	1137	5611	4214	1	6	18
676.08958697	1143	5643	4224	2	8	29
676.08958697	1143	5640	4226	0	4	10
681.44039702	1193	5847	4328	1	3	13
682.29839802	1197	5864	4337	1	5	22
684.10800099	1203	5896	4347	1	5	24
690.62881303	1216	5955	4368	2	7	38
693.49921799	1226	5994	4386	1	6	25
699.78602910	1245	6083	4408	1	6	27
712.99925208	1263	6170	4432	3	9	55
731.43848491	1298	6324	4473	2	8	40
737.35089493	1327	6457	4511	1	4	14
747.60011292	1400	6782	4614	1	3	15
750.29891801	1406	6813	4630	2	5	27
757.98973107	1430	6915	4657	2	6	30
759.12853312	1434	6933	4663	1	5	25
765.33734393	1442	6971	4682	3	7	42
773.73015904	1460	7055	4701	2	7	40
780.71897101	1470	7098	4721	2	7	39
807.72261906	1524	7321	4777	3	8	44
826.86385202	1542	7408	4804	4	9	60
838.62627292	1563	7508	4832	1	6	28
845.44348502	1569	7533	4845	3	9	58
861.33991289	1587	7615	4874	3	9	57
870.27872801	1593	7646	4895	3	9	56
912.46120310	1668	7965	4956	2	8	42
922.21122003	1680	8023	4978	2	8	41
977.95011806	1746	8299	5045	4	10	61
1008.37017107	1757	8356	5072	5	11	81
1028.97780704	1787	8471	5116	2	7	40
finished uploading
travel-3
k=40
time	expanded	visited	terminated	depth	cost	trace
0.71760106	7	55	0	1	1	7
1.17000198	11	74	8	1	1	7
1.85640287	17	116	16	1	1	7
2.16840291	20	132	22	1	1	7
6.34921098	37	195	121	2	1	8
10.74841785	50	284	157	2	1	8
15.44402695	65	396	195	2	1	8
18.25203204	74	441	234	2	3	18
19.43763399	82	475	253	2	1	8
22.27683902	91	519	295	2	3	18
23.41564107	103	570	314	1	3	9
23.97724199	110	612	318	1	4	11
25.14724398	121	666	323	2	6	19
25.75564504	124	678	329	2	7	19
28.40764904	135	733	338	3	8	30
30.21725297	156	833	357	1	3	16
31.09085393	163	857	376	1	3	16
31.98005605	173	887	395	1	6	17
32.10485601	175	896	395	1	5	18
32.94725704	181	926	408	1	6	20
35.84886289	196	982	431	2	5	19
38.15766692	207	1027	436	2	7	25
40.43527102	213	1059	441	2	7	27
41.15287185	218	1079	442	2	5	19
44.56927800	229	1124	447	2	7	25
46.86248207	235	1156	452	2	7	27
268.71047187	646	3227	2020	3	9	29
270.78527498	656	3267	2026	2	8	26
272.61047792	659	3281	2027	2	8	26
273.48408008	663	3300	2031	2	8	28
275.02848291	666	3313	2034	2	8	28
277.18128586	669	3325	2042	2	8	28
278.55408907	675	3357	2050	2	8	27
timedout: 1716	8364	5662
finished uploading
travel-4
k=40
time	expanded	visited	terminated	depth	cost	trace
8.28361392	95	460	55	1	3	12
9.50041604	114	525	78	1	3	12
21.82443810	233	1069	191	2	5	20
23.83684111	242	1107	211	2	5	20
88.63935494	539	2435	543	2	6	20
90.35535812	545	2454	561	2	6	20
149.99426293	836	3822	889	1	5	18
150.54026413	841	3843	891	1	5	18
157.43547606	920	4126	959	1	5	24
159.02667904	925	4146	966	1	5	24
161.46028304	934	4163	1023	1	5	23
162.06868410	939	4184	1026	1	5	23
222.08199000	1268	5423	1611	3	7	31
227.71359992	1277	5461	1640	3	7	31
972.44330812	2962	13157	4289	2	7	32
976.85811496	2971	13195	4313	2	7	32
980.30572104	2978	13220	4336	2	7	29
983.09812593	2985	13245	4359	2	7	29
987.87173510	3010	13323	4391	2	7	31
991.27254105	3019	13361	4415	2	7	31
1003.72136211	3082	13618	4502	2	7	28
1007.16896892	3091	13657	4528	2	7	28
1181.93607593	3543	15738	5754	3	6	22
1194.80609798	3581	15906	5812	4	8	30
1199.04930592	3593	15952	5831	3	6	22
timedout: 3595	15955	5841
finished uploading
travel-5
k=40
time	expanded	visited	terminated	depth	cost	trace
17.67483091	131	884	97	1	3	12
19.37523413	150	986	120	1	3	12
22.12083912	180	1160	142	1	4	13
22.74484015	184	1185	142	1	4	13
41.12167192	301	1977	282	2	5	20
44.02327704	310	2035	302	2	5	20
151.19546509	696	4535	773	2	6	20
153.16106892	702	4567	788	2	6	20
256.94805098	1117	7253	1319	1	5	18
257.75925303	1122	7285	1321	1	5	18
262.15846014	1185	7540	1377	1	4	15
263.42206192	1192	7580	1392	1	4	15
275.63688397	1252	7968	1462	1	5	24
276.91608596	1257	7999	1469	1	5	24
281.81449509	1278	8104	1544	1	5	23
282.71929598	1283	8136	1547	1	5	23
364.80664110	1629	10082	2160	3	7	31
370.56305099	1638	10140	2189	3	7	31
673.87438297	2325	14649	3287	2	6	19
683.64000106	2350	14803	3333	2	6	19
timedout: 3190	20638	4700
finished uploading
travel-6
k=40
time	expanded	visited	terminated	depth	cost	trace
0.98280215	7	77	0	1	1	7
1.40400195	10	102	3	1	1	7
4.88280797	28	216	76	2	1	8
7.62841296	39	282	107	2	3	18
9.25081611	47	336	126	2	1	8
12.02762103	58	401	159	2	3	18
18.89163303	89	663	185	2	2	14
20.24883509	91	692	185	2	2	14
23.57164097	100	764	194	2	2	14
24.94444394	102	793	194	2	2	14
29.99885297	120	934	213	1	2	14
31.71485615	125	967	219	1	2	14
37.62726593	149	1130	259	1	4	14
67.68851900	231	1633	428	1	3	9
75.47293210	266	1866	479	1	3	16
76.62733412	273	1906	498	1	3	16
112.99099803	354	2532	669	1	5	18
320.51816297	639	4544	1811	2	5	25
322.71776700	641	4574	1811	2	5	25
329.09817815	650	4640	1827	2	5	25
331.31338215	652	4670	1827	2	5	25
348.98821306	675	4850	1868	2	5	27
351.62461710	677	4880	1868	2	5	27
358.11422896	686	4946	1885	2	5	27
360.73503304	688	4976	1885	2	5	27
410.32752109	746	5508	2084	4	5	28
413.97792697	749	5545	2084	4	5	28
422.86994314	758	5615	2103	4	5	28
426.50474906	761	5652	2103	4	5	28
437.06596708	778	5801	2129	3	2	15
438.71956992	780	5830	2129	3	2	15
441.19997501	783	5875	2129	3	2	15
442.85357809	785	5904	2129	3	2	15
530.24493098	898	6582	2489	3	5	27
532.89693594	900	6611	2489	3	5	27
539.21494699	909	6678	2501	3	5	27
541.80455112	911	6708	2501	3	5	27
554.44057393	929	6839	2527	3	5	27
557.07697797	931	6869	2527	3	5	27
589.15063500	959	7096	2601	3	5	29
finished uploading
travel-7
k=40
time	expanded	visited	terminated	depth	cost	trace
1.10760188	11	96	0	1	1	7
1.71600294	15	118	13	1	1	7
2.68320394	22	175	26	1	1	7
3.29160500	27	199	44	1	1	7
4.41480708	43	271	68	1	5	18
7.06681204	59	359	92	2	7	31
8.51761508	65	378	114	0	3	8
13.19762301	93	484	222	1	6	16
17.45642996	115	620	251	2	9	28
19.64043403	126	684	260	2	8	27
24.86644292	137	749	276	3	10	41
35.94246292	148	814	297	4	12	58
38.62566710	159	861	328	2	8	28
44.53807807	175	953	358	3	9	47
55.16169691	196	1042	404	3	11	41
58.42210197	204	1072	422	2	10	39
69.01452088	231	1276	510	1	3	9
71.77572608	256	1378	556	1	3	16
72.75852704	263	1402	577	1	3	16
79.93454003	303	1597	657	1	5	25
81.46334291	310	1622	682	1	5	25
83.52254605	319	1653	722	1	7	29
104.09898210	344	1779	791	4	13	57
126.34462190	355	1848	813	5	14	78
131.58623099	365	1887	834	3	11	42
136.35983896	375	1951	847	3	10	42
143.28625107	386	2001	892	3	10	43
152.31866693	401	2070	927	3	12	56
162.94228601	410	2130	961	3	12	55
195.60874295	460	2393	1074	2	9	45
209.83596802	502	2637	1168	2	9	44
246.38683200	576	3171	1346	4	11	66
284.90330005	672	3625	1715	2	11	39
344.46420503	709	3864	1876	5	15	76
367.66144490	727	3946	1906	4	14	76
391.26428699	738	4010	1950	4	14	75
405.17951107	744	4048	1975	4	14	74
563.95658994	917	5145	2510	6	16	101
593.86184287	1028	5964	2686	0	4	9
595.49984598	1044	6056	2697	1	7	28
finished uploading
travel-8
k=40
time	expanded	visited	terminated	depth	cost	trace
3.94680691	18	213	1	1	4	12
6.50521088	33	365	4	1	4	12
88.84215593	201	2462	275	1	3	11
92.58616185	212	2588	280	2	5	19
94.27096486	215	2618	286	2	6	19
95.39416695	222	2695	288	1	3	11
97.70297098	232	2807	293	1	5	17
105.95538592	247	2982	318	3	7	30
111.25939488	258	3100	324	2	7	28
114.98780203	264	3171	333	2	7	27
118.66940784	267	3201	343	3	8	29
132.02303195	278	3329	356	4	9	44
133.52063394	286	3427	359	1	3	11
137.26464105	297	3553	364	2	5	19
139.69824505	300	3583	370	2	6	19
140.82144690	307	3660	372	1	3	11
143.16145086	317	3772	378	1	5	17
151.33586502	332	3947	403	3	7	30
155.98467398	343	4065	409	2	7	28
159.68188000	349	4137	417	2	7	27
163.31668591	352	4166	428	3	8	29
176.79510999	363	4294	441	4	9	44
264.87286496	586	6957	763	1	4	12
265.93366694	590	7002	763	1	4	12
420.48313785	876	10661	1270	1	6	17
421.65313983	879	10693	1271	1	6	17
467.50162101	980	11666	1485	2	6	19
473.19563103	986	11738	1494	3	8	29
478.90524101	999	11864	1501	2	6	19
484.61485100	1005	11936	1510	3	8	29
502.39888191	1048	12389	1544	2	7	22
506.40808892	1058	12476	1552	2	7	22
511.88369894	1072	12644	1561	2	5	19
516.90690804	1083	12776	1591	2	5	19
990.08693886	1777	20716	2862	3	9	42
995.09454703	1781	20764	2870	3	9	42
1011.14697599	1799	20974	2895	3	9	41
1018.68178892	1805	21045	2909	3	9	41
1025.96700191	1811	21116	2923	3	9	40
1033.39261484	1817	21186	2938	3	9	40
