finished uploading
travel-to-la
k=40
time	expanded	visited	terminated	depth	cost	trace
1.09200215	8	64	0	2	1	8
1.70040321	12	92	0	2	1	8
2.58960509	19	145	0	2	1	8
3.22920609	23	173	0	2	1	8
14.83742809	38	293	80	1	4	7
15.13382912	41	310	80	1	4	7
15.66423011	47	352	80	1	4	7
15.89823008	50	369	80	1	4	7
994.35054922	2499	15486	769	3	3	24
994.60014915	2500	15488	769	3	3	24
995.89495111	2502	15502	769	3	3	24
996.16015220	2503	15504	769	3	3	24
999.40495801	2508	15537	772	3	3	24
999.67015815	2509	15539	772	3	3	24
1000.93376017	2511	15553	772	3	3	24
1001.21456122	2512	15555	772	3	3	24
timedout: 2900	17537	1225
finished uploading
travel-2
k=40
time	expanded	visited	terminated	depth	cost	trace
1.20120215	8	66	0	2	1	8
1.84080410	13	98	0	2	1	8
2.74560499	20	153	0	2	1	8
6.36481118	24	182	0	2	1	8
28.90685105	94	632	118	1	4	7
29.23445201	98	653	118	1	4	7
29.98325300	104	697	118	1	4	7
30.23285317	107	715	118	1	4	7
48.68768620	192	1275	135	3	2	13
48.93728614	194	1280	136	3	2	13
49.56128716	197	1297	137	3	2	13
49.85768819	199	1302	138	3	2	13
51.24609017	206	1342	139	3	2	13
51.51129103	208	1347	140	3	2	13
52.13529205	211	1364	141	3	2	13
52.35369205	213	1369	142	3	2	13
79.10773921	348	2211	145	2	2	13
79.32614017	350	2216	146	2	2	13
79.91894102	353	2233	147	2	2	13
80.12174106	355	2238	148	2	2	13
81.51014304	359	2267	149	2	2	13
81.71294403	361	2272	150	2	2	13
82.30574512	364	2289	151	2	2	13
82.50854516	366	2294	152	2	2	13
84.09974813	374	2346	153	2	2	13
84.31814814	376	2351	154	2	2	13
84.92654920	379	2368	155	2	2	13
85.12935019	381	2373	156	2	2	13
86.11215210	385	2402	157	2	2	13
86.29935217	387	2407	158	2	2	13
86.92335320	390	2424	159	2	2	13
87.12615299	392	2429	160	2	2	13
359.64303207	1529	7930	346	3	3	24
359.98623300	1530	7932	346	3	3	24
361.39023519	1532	7946	346	3	3	24
361.70223618	1533	7948	346	3	3	24
365.32144213	1539	7985	349	3	3	24
365.63344216	1540	7987	349	3	3	24
368.53504801	1542	8001	349	3	3	24
368.84704804	1543	8003	349	3	3	24
finished uploading
travel-3
k=40
time	expanded	visited	terminated	depth	cost	trace
1.15440202	8	66	0	2	1	8
1.79400301	13	98	0	2	1	8
2.71440506	20	153	0	2	1	8
3.26040602	24	182	0	2	1	8
22.85403991	78	520	118	1	4	7
23.16604090	82	541	118	1	4	7
23.72764206	88	585	118	1	4	7
23.97724199	91	603	118	1	4	7
324.97977090	1367	7076	337	3	3	24
325.26057100	1368	7078	337	3	3	24
326.50857306	1370	7092	337	3	3	24
326.77377391	1371	7094	337	3	3	24
330.09658003	1377	7131	340	3	3	24
330.37737989	1378	7133	340	3	3	24
331.62538195	1380	7147	340	3	3	24
331.89058304	1381	7149	340	3	3	24
388.89308286	1407	7388	588	3	3	24
389.17388391	1408	7390	588	3	3	24
390.48428607	1410	7404	588	3	3	24
390.76508594	1411	7406	588	3	3	24
393.02709007	1414	7432	588	3	3	24
393.30789089	1415	7434	588	3	3	24
394.57149291	1417	7448	588	3	3	24
394.83669305	1418	7450	588	3	3	24
399.17350101	1425	7499	591	3	3	24
399.43870187	1426	7501	591	3	3	24
400.76470399	1428	7515	591	3	3	24
401.02990389	1429	7517	591	3	3	24
403.30750799	1432	7543	591	3	3	24
403.57270908	1433	7545	591	3	3	24
404.85191107	1435	7559	591	3	3	24
405.11711192	1436	7561	591	3	3	24
413.63472605	1445	7631	607	3	3	24
413.75952697	1445	7630	607	3	3	24
415.16352892	1447	7644	607	3	3	24
415.27272892	1447	7643	607	3	3	24
417.64393401	1450	7669	607	3	3	24
417.75313401	1450	7668	607	3	3	24
419.14153600	1452	7682	607	3	3	24
419.25073600	1452	7681	607	3	3	24
finished uploading
travel-4
k=40
time	expanded	visited	terminated	depth	cost	trace
timedout: 2381	13742	1581
finished uploading
travel-5
k=40
time	expanded	visited	terminated	depth	cost	trace
timedout: 2263	18600	1295
finished uploading
travel-6
k=40
time	expanded	visited	terminated	depth	cost	trace
1.49760294	8	92	0	2	1	8
2.30880404	12	133	0	2	1	8
12.30842185	40	413	4	3	2	16
16.14602804	45	469	4	3	2	16
25.74004483	63	658	8	4	2	16
28.82885098	66	702	8	4	2	16
32.88485789	70	762	8	4	2	16
35.97366285	73	806	8	4	2	16
41.52727294	80	894	8	4	2	16
44.60047793	83	938	8	4	2	16
48.67208505	87	998	8	4	2	16
51.74529099	90	1042	8	4	2	16
167.51309395	300	3388	82	3	2	18
171.02309990	307	3454	82	3	2	18
189.72753286	337	3759	102	4	2	18
192.62913799	342	3813	102	4	2	18
196.37314487	348	3883	102	4	2	18
199.27474999	353	3937	102	4	2	18
204.34475899	362	4035	102	4	2	18
207.26196384	367	4089	102	4	2	18
211.02157092	373	4159	102	4	2	18
213.92317581	378	4213	102	4	2	18
773.16855788	896	8675	985	1	4	7
773.57415891	899	8701	985	1	4	7
timedout: 1505	14757	1268
finished uploading
travel-7
k=40
time	expanded	visited	terminated	depth	cost	trace
1.52880311	8	91	0	2	1	8
2.37120509	12	131	0	2	1	8
3.60360718	19	206	0	2	1	8
4.30560803	23	246	0	2	1	8
19.15683413	48	536	80	1	4	7
19.56243515	51	560	80	1	4	7
20.32683611	57	619	80	1	4	7
20.67003703	60	643	80	1	4	7
timedout: 3365	25292	707
finished uploading
travel-8
k=40
time	expanded	visited	terminated	depth	cost	trace
timedout: 1222	20251	416
