finished uploading
travel-to-la
k=40
time	expanded	visited	terminated	depth	cost	trace
0.78000212	11	69	0	1	1	7
1.18560219	14	84	8	1	1	7
1.85640407	20	124	16	1	1	7
2.15280414	23	139	22	1	1	7
2.69880509	32	152	50	0	3	8
7.36321306	64	287	141	2	1	8
11.23202014	76	353	184	2	1	8
15.35042715	91	444	227	2	1	8
18.08043218	101	497	262	2	1	8
44.07007813	230	1038	593	2	3	18
44.88127899	235	1053	606	2	3	18
46.22288108	241	1082	617	2	3	19
47.51768398	246	1108	627	2	3	19
121.99221516	446	2000	1343	0	4	9
122.55381608	460	2059	1347	1	4	10
126.46942210	498	2199	1418	1	3	13
129.46462798	514	2257	1442	1	5	22
130.60343003	516	2269	1450	1	5	24
132.83423400	536	2355	1484	1	4	14
138.18504310	573	2525	1551	1	3	15
141.81984901	584	2574	1570	2	5	27
143.42665219	591	2594	1587	1	5	25
150.04106402	610	2660	1610	2	6	30
155.28267312	648	2831	1674	1	4	16
158.71467900	663	2884	1692	2	6	29
162.08428502	691	2986	1745	1	4	17
163.64428806	706	3046	1776	1	3	15
167.45069408	725	3146	1797	1	5	26
168.82349706	728	3169	1805	1	5	28
174.17430615	761	3284	1878	1	4	19
179.50951600	778	3359	1898	2	6	30
183.17552209	805	3464	1962	1	3	17
187.12232900	819	3547	1975	2	5	31
189.50913310	827	3586	1995	1	5	29
194.31394219	846	3652	2016	2	6	29
196.80994606	861	3681	2064	1	3	9
202.34795618	899	3817	2164	1	3	16
202.90955710	904	3832	2176	1	3	16
204.06395912	910	3857	2196	1	3	17
205.01556015	915	3882	2206	1	3	17
finished uploading
travel-2
k=40
time	expanded	visited	terminated	depth	cost	trace
0.71760106	7	55	0	1	1	7
1.06080198	11	75	3	1	1	7
1.66920304	17	118	7	1	1	7
1.93440294	20	135	10	1	1	7
3.33840609	27	185	32	2	1	8
4.00920701	32	216	35	2	1	8
4.94520807	39	270	38	2	1	8
5.50680900	43	298	41	2	1	8
55.45809698	216	1095	726	2	4	11
64.24091291	250	1262	818	0	3	8
64.36571312	252	1274	819	0	4	10
68.25011992	300	1481	869	1	3	13
70.57452393	320	1577	892	1	4	14
75.61333299	361	1779	937	1	3	15
79.62254000	372	1832	956	2	5	27
84.41174793	410	2022	997	1	4	16
89.31015706	449	2192	1038	1	4	17
91.07296014	464	2261	1056	1	3	15
96.09616899	501	2408	1107	1	4	19
101.38457799	537	2574	1155	1	3	17
106.32978702	551	2660	1174	2	5	31
107.10978794	567	2719	1175	1	4	11
107.29698801	570	2735	1176	1	3	9
113.33419895	585	2743	1408	1	4	10
124.64421892	661	3072	1475	1	5	22
125.53342009	663	3085	1479	1	5	25
126.67222214	665	3098	1487	1	5	24
127.53022408	668	3121	1491	1	5	26
128.71582603	671	3145	1495	1	5	29
130.10422802	674	3169	1503	1	5	28
241.55082393	1039	5034	2323	2	2	12
241.70682406	1041	5039	2324	2	2	12
267.30646896	1089	5278	2508	2	2	12
267.46247005	1091	5283	2509	2	2	12
303.34253311	1176	5747	2780	2	3	14
306.22853804	1197	5855	2800	2	4	15
316.86775613	1257	6152	2858	2	3	16
322.15616608	1269	6216	2877	3	5	28
325.35417104	1288	6322	2894	2	2	12
325.49457097	1290	6327	2895	2	2	12
finished uploading
travel-3
k=40
time	expanded	visited	terminated	depth	cost	trace
0.71760106	7	55	0	1	1	7
1.06080198	11	75	3	1	1	7
1.65360308	17	118	7	1	1	7
1.93440390	20	135	10	1	1	7
3.32280588	27	185	32	2	1	8
3.99360704	32	216	35	2	1	8
4.94520903	39	270	39	2	1	8
5.49120998	43	298	42	2	1	8
57.23650098	215	1112	696	2	3	18
57.73570204	218	1127	701	2	3	18
58.78090286	222	1155	705	2	3	19
59.85730505	226	1182	711	2	3	19
73.19532895	264	1331	929	0	3	8
73.36692905	268	1348	931	0	4	10
78.01573706	315	1548	997	1	3	13
80.05934095	335	1644	1020	1	4	14
85.41015005	376	1846	1065	1	3	15
89.02935600	387	1899	1084	2	5	27
94.13056493	425	2089	1125	1	4	16
98.96657395	464	2259	1166	1	4	17
100.33937597	479	2328	1184	1	3	15
105.69018602	516	2475	1235	1	4	19
110.88499498	552	2641	1283	1	3	17
115.25300288	566	2727	1302	2	5	31
117.18740606	582	2759	1351	1	3	9
117.53060699	587	2788	1352	1	4	11
121.63341403	613	2924	1383	1	3	16
121.99221396	616	2939	1387	1	3	16
122.77221584	620	2967	1390	1	3	17
123.58341694	624	2994	1395	1	3	17
128.26342487	626	2958	1588	1	4	10
140.89944792	719	3331	1709	1	5	22
142.38144994	721	3344	1713	1	5	25
143.53585196	723	3357	1721	1	5	24
144.39385390	726	3380	1725	1	5	26
145.54825592	729	3404	1729	1	5	29
146.92105794	732	3428	1737	1	5	28
176.34271002	852	4010	1963	3	3	19
178.63591385	858	4059	1972	3	3	19
205.63956094	885	4200	2256	2	4	11
finished uploading
travel-4
k=40
time	expanded	visited	terminated	depth	cost	trace
3.94680691	74	329	31	1	3	12
4.22760701	77	345	31	1	3	12
6.06840992	97	438	47	2	3	13
7.45681286	115	511	57	2	3	13
127.63942385	844	4064	895	3	5	26
128.52862597	847	4080	895	3	5	26
129.57382703	850	4095	900	3	5	21
130.54102898	853	4110	905	3	5	21
400.90510392	2088	10337	2010	2	4	14
400.96750402	2089	10339	2010	2	4	14
715.66685700	3059	14035	4487	2	5	27
716.57165790	3062	14051	4487	2	5	27
717.30485988	3065	14067	4487	2	5	26
718.02246094	3068	14083	4487	2	5	26
718.74006200	3071	14099	4487	2	5	25
719.44206285	3074	14115	4487	2	5	25
720.15966487	3077	14131	4487	2	5	25
720.87726593	3080	14147	4487	2	5	25
721.45446682	3083	14163	4487	2	5	25
722.01606798	3086	14179	4487	2	5	25
722.59326887	3089	14195	4487	2	5	24
723.15487003	3092	14211	4487	2	5	24
723.98167086	3101	14242	4488	2	5	19
727.27327704	3104	14258	4489	2	5	19
730.89248395	3119	14287	4549	2	5	20
731.50088501	3122	14303	4551	2	5	20
843.18148088	3584	16441	5392	1	4	13
843.22828102	3585	16443	5392	1	4	13
883.42955089	3925	17589	5987	1	5	24
883.97555184	3928	17605	5987	1	5	24
884.41235304	3931	17621	5987	1	5	23
884.86475396	3934	17637	5987	1	5	23
885.47315502	3943	17668	5988	1	5	18
885.92555594	3946	17684	5989	1	5	18
timedout: 4790	21837	7251
finished uploading
travel-5
k=40
time	expanded	visited	terminated	depth	cost	trace
8.72041607	110	698	54	1	3	12
11.70002103	113	722	54	1	3	12
18.90723395	165	1062	92	2	3	13
20.93523693	183	1172	102	2	3	13
78.76453900	436	3094	392	2	4	14
78.85813904	437	3098	392	2	4	14
120.08901095	676	4782	657	1	4	13
120.15141106	677	4786	657	1	4	13
242.45562601	1146	7856	1247	3	5	26
243.82842898	1149	7880	1247	3	5	26
245.37283111	1152	7902	1255	3	5	21
246.66763401	1155	7925	1260	3	5	21
1067.38507509	3701	24987	3889	2	4	16
1067.71267605	3704	25000	3891	2	4	16
timedout: 4146	27436	4782
finished uploading
travel-6
k=40
time	expanded	visited	terminated	depth	cost	trace
0.98280096	7	77	0	1	1	7
1.40400195	10	102	3	1	1	7
2.83920503	17	178	7	2	1	8
3.68160605	21	218	10	2	1	8
12.83882189	59	511	67	2	2	14
14.19602489	61	540	67	2	2	14
16.61402893	66	597	67	2	2	14
17.97123098	68	626	67	2	2	14
29.49965191	108	897	118	1	2	14
30.77885389	111	922	121	1	2	14
45.50528002	153	1242	222	3	2	15
47.15888286	155	1271	222	3	2	15
49.62368703	158	1316	222	3	2	15
51.58928990	160	1345	222	3	2	15
57.29889989	174	1450	234	3	2	15
58.93690300	176	1479	234	3	2	15
61.40170789	179	1524	234	3	2	15
63.05531001	181	1553	234	3	2	15
153.37946892	348	2694	561	4	2	16
156.40587401	351	2738	561	4	2	16
161.10148287	355	2798	561	4	2	16
164.14348793	358	2842	561	4	2	16
169.63469791	365	2930	561	4	2	16
172.67670298	368	2974	561	4	2	16
176.70150995	372	3034	561	4	2	16
179.74351501	375	3078	561	4	2	16
238.55561900	451	3518	812	3	2	16
242.50242591	456	3573	815	3	2	16
249.81883788	469	3707	823	3	2	15
252.34604287	472	3751	823	3	2	15
256.19924998	478	3823	823	3	2	15
258.74205399	481	3867	823	3	2	15
323.18576694	632	4916	1097	2	2	15
325.65057206	636	4956	1100	2	2	15
329.75337887	643	5032	1105	2	2	15
334.26178694	653	5107	1114	2	2	15
421.16953897	872	6530	1512	2	3	18
421.91834092	875	6553	1517	2	3	18
428.17395186	897	6681	1540	2	3	19
429.78075504	901	6719	1547	2	3	19
finished uploading
travel-7
k=40
time	expanded	visited	terminated	depth	cost	trace
1.12320209	11	96	0	1	1	7
1.70040298	14	117	11	1	1	7
2.63640499	20	173	22	1	1	7
3.05760598	23	194	31	1	1	7
3.68160701	33	208	62	0	3	8
10.53001904	79	480	175	2	1	8
15.33482718	92	574	221	2	1	8
20.43603611	108	703	267	2	1	8
23.83684206	119	779	305	2	1	8
64.22531295	257	1623	731	2	3	18
65.50451612	262	1644	743	2	3	18
67.20491910	268	1682	755	2	3	19
68.87412095	273	1718	765	2	3	19
157.99707818	477	2946	1479	0	4	9
158.74587917	491	3025	1483	1	4	10
164.43988895	539	3237	1585	1	3	13
167.65349507	555	3309	1613	1	5	22
169.04189706	557	3326	1621	1	5	24
172.72350407	577	3441	1663	1	4	14
180.10231709	614	3663	1759	1	3	15
184.47032404	625	3727	1778	2	5	27
186.43592811	632	3751	1799	1	5	25
194.36074209	654	3851	1823	2	6	30
202.02035499	692	4079	1903	1	4	16
206.07636213	707	4146	1924	2	6	29
210.44437003	735	4279	1989	1	4	17
212.58157396	750	4357	2031	1	3	15
216.96518207	769	4491	2056	1	5	26
218.49398398	772	4525	2059	1	5	28
225.93519711	805	4663	2171	1	4	19
231.83200812	822	4763	2188	2	6	30
238.27481914	849	4899	2278	1	3	17
243.50082803	863	5012	2291	2	5	31
246.52723312	871	5065	2315	1	5	29
254.07764697	895	5197	2337	2	6	29
256.51125097	910	5232	2397	1	3	9
263.39086318	951	5423	2505	1	3	16
264.09286404	956	5443	2517	1	3	16
265.62166715	962	5476	2541	1	3	17
266.86966896	967	5511	2551	1	3	17
finished uploading
travel-8
k=40
time	expanded	visited	terminated	depth	cost	trace
27.33124804	105	1341	35	1	3	11
28.53245020	110	1402	35	1	3	11
62.61851001	209	2653	111	1	3	11
63.39851117	212	2697	111	1	3	11
86.53335214	243	3204	208	1	4	12
86.54895210	243	3203	208	1	4	12
158.48067808	407	5190	382	2	4	13
162.08428502	423	5362	382	2	4	13
216.18518019	516	6673	480	2	3	12
217.79198313	525	6768	480	2	3	12
223.42359304	538	6924	487	3	5	20
225.71679711	547	7043	488	2	3	12
227.30799913	556	7138	488	2	3	12
232.90840912	569	7294	495	3	5	20
415.56913018	964	12364	705	2	4	19
418.26793504	969	12425	706	2	4	19
429.42195415	1004	12750	721	2	4	19
432.08955908	1009	12811	722	2	4	19
563.00498915	1360	16427	1306	2	4	13
563.22338915	1361	16439	1306	2	4	13
577.43501401	1388	16757	1306	2	4	19
579.57221818	1391	16801	1306	2	4	19
585.42222810	1398	16907	1306	2	4	19
587.51263213	1401	16951	1306	2	4	19
594.37664413	1413	17058	1357	2	4	15
594.75104499	1415	17075	1358	2	4	15
598.72905207	1437	17262	1369	2	4	15
599.11905217	1439	17279	1370	2	4	15
603.29986000	1449	17405	1373	2	4	16
604.39186215	1452	17441	1374	2	4	16
617.93268514	1492	17848	1490	2	5	20
617.97948599	1492	17847	1490	2	5	20
618.01068616	1492	17846	1490	2	5	20
618.04188609	1492	17845	1490	2	5	20
619.19628811	1494	17876	1490	2	5	17
620.36629009	1496	17907	1490	2	5	17
621.53629208	1498	17938	1490	2	5	17
622.69069409	1500	17969	1490	2	5	17
631.59830904	1514	18186	1509	2	5	18
632.81511211	1516	18217	1510	2	5	18
