finished uploading
travel-to-la
k=40
time	expanded	visited	terminated	depth	cost	trace
0.20279980	8	34	0	0	3	8
0.73320103	24	97	7	0	4	9
1.73160291	48	189	21	0	5	15
2.60520387	60	249	34	0	5	16
2.85480499	62	256	44	0	6	14
5.25720882	114	451	73	0	5	15
6.36481094	138	542	84	0	6	14
11.05962086	181	748	151	1	6	10
11.26242185	184	763	152	1	5	9
11.94882298	191	815	153	1	5	7
12.26082397	194	830	159	1	5	7
14.66422796	224	939	203	1	7	18
16.89323902	238	1011	238	1	8	16
17.92283988	253	1057	252	0	6	16
25.70725393	381	1483	387	0	7	24
27.01765585	391	1530	398	0	7	19
27.36085701	393	1528	417	0	7	25
27.68845797	395	1532	430	0	7	25
34.33406901	431	1755	552	0	7	26
36.42447281	447	1839	592	0	8	23
36.42447281	447	1838	592	0	8	21
37.53207493	453	1875	600	0	8	22
41.93128300	521	2148	636	1	6	7
42.33688283	524	2163	644	1	6	7
43.88128591	558	2270	661	1	7	16
48.62369394	619	2521	716	1	8	16
48.70169401	621	2525	717	1	8	15
62.61691880	757	3108	924	0	8	21
75.01894093	916	3719	1082	0	7	22
75.15934086	920	3729	1084	0	7	22
77.93614602	949	3850	1136	0	7	24
89.66736603	1073	4335	1294	0	8	21
132.33344102	1266	5477	1778	0	9	23
136.68584895	1301	5627	1823	1	8	15
138.02745080	1320	5693	1841	1	8	14
141.31905699	1362	5849	1897	1	7	15
142.86345983	1370	5889	1913	1	9	26
144.59506297	1390	5944	1943	1	8	17
146.52946591	1412	6012	1984	1	7	16
151.49027491	1457	6241	2041	1	7	16
finished uploading
travel-2
k=40
time	expanded	visited	terminated	depth	cost	trace
0.46800017	14	59	1	0	3	8
0.63960123	16	71	2	0	4	10
1.20120215	27	123	8	0	4	9
3.94680715	83	347	32	0	5	16
4.18080711	84	352	42	0	6	14
4.19640708	84	351	42	0	6	12
4.39920712	86	364	42	0	6	18
4.61760807	88	377	43	0	6	16
5.70961022	102	459	53	1	6	11
5.97481012	105	475	54	1	5	9
6.64561105	113	524	55	1	5	7
6.92641211	116	541	58	1	5	7
7.47241306	129	597	64	1	6	10
8.59561515	151	671	89	0	5	15
8.81401515	153	683	90	0	6	17
10.49881816	184	800	111	0	6	18
11.29441905	197	844	128	0	6	18
11.77802014	202	874	129	0	6	18
11.84042001	204	879	130	0	6	14
12.48002219	211	912	136	0	6	16
13.07282305	217	945	137	0	6	18
14.83562613	235	1021	173	0	7	16
15.08522606	237	1034	173	0	7	16
18.37683201	293	1246	199	1	6	7
18.73563313	297	1266	202	1	6	7
20.45163608	320	1362	217	1	7	18
23.22844005	336	1450	268	1	8	16
23.22844005	336	1449	268	1	8	13
23.52484107	338	1462	268	1	8	20
23.82124114	340	1475	269	1	8	17
24.14884210	342	1489	270	1	8	18
26.33284616	368	1615	287	2	8	11
26.75404716	377	1647	292	0	6	17
26.95684719	378	1658	292	0	6	18
27.42484808	383	1687	294	0	6	18
28.81325006	408	1779	311	0	6	18
31.16885424	442	1909	351	0	6	18
34.25766015	482	2103	395	0	6	16
34.38246012	487	2118	396	0	5	15
49.20248604	678	2917	554	0	7	19
finished uploading
travel-3
k=40
time	expanded	visited	terminated	depth	cost	trace
0.32760096	9	47	1	0	3	8
0.49920106	13	64	3	0	4	10
1.18560195	30	138	8	0	4	9
3.79080701	85	346	35	0	5	15
5.10120893	99	416	50	0	5	16
5.53801012	104	431	65	0	6	14
5.55361009	104	430	65	0	6	12
5.80321097	106	443	65	0	6	18
6.11521101	108	456	65	0	6	17
6.80161190	112	482	69	0	6	16
7.89361405	123	542	76	1	5	9
8.28361511	128	571	77	1	6	11
9.43801713	143	655	79	1	5	7
9.75001812	146	672	82	1	5	7
9.87481809	148	677	86	1	6	10
14.11802506	218	965	120	0	6	17
14.35202599	219	976	120	0	6	18
15.21002698	229	1015	132	0	6	18
16.86363006	250	1125	161	0	5	15
17.17563105	256	1148	163	0	6	16
20.34243608	306	1394	181	0	6	18
20.98203707	311	1424	182	0	6	18
21.29403806	314	1440	183	0	6	18
21.35643792	316	1445	184	0	6	14
24.27364302	343	1594	216	0	6	18
25.06924391	348	1610	242	0	6	18
25.64644504	353	1629	256	0	6	18
29.78045297	393	1828	322	0	7	16
30.03005290	395	1841	322	0	7	16
36.89406490	472	2215	391	1	6	7
37.31526589	476	2235	394	1	6	7
39.99847102	508	2375	413	1	7	18
42.41647506	523	2453	461	1	8	16
42.43207502	523	2452	461	1	8	13
42.75967598	525	2465	461	1	8	20
43.05607605	527	2478	462	1	8	17
43.43047690	529	2491	466	1	8	18
44.61607909	552	2572	479	0	6	16
74.17813110	976	4150	807	0	7	19
74.63053107	980	4155	824	0	7	25
finished uploading
travel-4
k=40
time	expanded	visited	terminated	depth	cost	trace
4.13400698	87	405	36	0	5	14
8.90761614	184	799	74	0	5	12
13.88402414	254	1091	134	0	7	20
22.97884011	372	1628	218	1	7	12
23.29084110	375	1644	218	1	7	12
37.78326607	554	2525	343	0	7	16
43.44607615	609	2759	423	0	7	18
43.77367711	613	2779	423	0	7	22
44.10127711	617	2798	424	0	7	20
44.42887807	621	2817	425	0	7	19
46.56608200	641	2889	468	0	8	20
52.32249212	710	3217	498	1	7	15
76.23733401	941	4239	748	1	9	21
76.84573507	945	4258	754	1	9	22
101.29097819	1283	5570	979	0	7	19
108.15499020	1387	5959	1075	0	7	18
111.44659615	1428	6092	1147	0	7	14
126.75022316	1560	6786	1186	0	7	24
126.99982309	1563	6793	1194	0	7	24
127.59262419	1568	6815	1200	0	7	24
128.68462610	1574	6846	1214	0	7	24
130.21342897	1584	6896	1228	0	7	22
130.47862911	1587	6903	1236	0	7	22
131.07142997	1592	6924	1243	0	7	22
132.11663198	1598	6955	1257	0	7	22
142.17865014	1702	7337	1393	0	7	22
150.46226406	1766	7659	1495	0	8	18
158.54307818	1838	7994	1528	0	8	20
191.10033607	2020	8850	1933	0	9	26
191.64633703	2024	8869	1936	0	9	28
192.17673707	2028	8888	1939	0	9	26
193.59634018	2036	8933	1950	0	9	21
194.79754210	2042	8967	1959	0	9	28
203.29955697	2171	9578	1997	1	7	13
260.61405802	2720	12200	2414	1	9	17
301.86053014	2990	13375	3019	1	9	23
302.31293106	2993	13391	3019	1	9	23
303.85733414	3005	13446	3022	1	9	18
304.32533407	3008	13462	3023	1	9	18
304.82453513	3013	13483	3025	1	9	19
finished uploading
travel-5
k=40
time	expanded	visited	terminated	depth	cost	trace
11.40362000	150	982	54	0	5	14
22.74484015	312	1906	105	0	5	12
36.80046415	467	2885	182	0	6	15
39.76447010	499	3054	230	0	6	16
42.54127407	518	3187	258	0	7	20
61.90090799	698	4379	353	1	7	12
62.40010905	701	4403	353	1	7	12
74.75533104	837	5241	429	0	6	15
109.99579310	1232	7668	616	0	6	16
110.74459410	1240	7709	621	0	6	16
117.96740699	1304	8121	660	0	6	15
123.27141595	1339	8383	698	0	7	16
137.73264194	1464	9054	952	0	7	14
139.43304515	1479	9147	953	0	7	20
143.91025209	1502	9335	978	0	7	18
144.39385295	1506	9362	978	0	7	20
144.90865397	1510	9390	978	0	7	19
145.43905497	1514	9418	979	0	7	22
145.98505592	1518	9446	980	0	7	20
146.53105712	1522	9474	981	0	7	19
153.17666912	1560	9687	1126	0	7	21
155.37627316	1575	9765	1166	0	7	19
159.01107907	1596	9856	1224	0	8	20
161.58508301	1604	9932	1237	0	8	21
182.37992001	1814	11233	1337	1	7	15
223.12719202	2121	13182	1607	1	8	16
235.03001213	2190	13640	1713	1	9	21
235.81001401	2194	13669	1716	1	9	22
309.08334303	2977	18107	2091	0	8	17
339.22259593	3371	20192	2197	0	7	20
339.95579696	3379	20235	2202	0	7	20
342.96660209	3412	20401	2227	0	7	19
346.46100807	3435	20522	2300	0	7	19
413.02632499	3997	24108	2859	0	7	18
442.88477802	4283	25686	3084	0	7	20
443.08757806	4286	25698	3086	0	7	20
443.97677898	4291	25730	3092	0	7	20
444.19517994	4294	25742	3094	0	7	20
445.06878114	4299	25774	3100	0	7	18
445.28718209	4302	25786	3102	0	7	18
finished uploading
travel-6
k=40
time	expanded	visited	terminated	depth	cost	trace
0.59280086	9	68	1	0	3	8
2.60520387	38	260	9	0	4	10
8.65801501	132	824	50	0	5	12
9.01681495	136	852	51	0	5	13
9.29761600	142	876	55	0	5	14
9.42241597	144	884	57	0	5	15
11.27881885	160	992	85	0	5	16
14.86682606	192	1194	127	1	5	9
16.42682791	205	1305	130	1	5	7
16.89482903	208	1330	133	1	5	7
36.55086398	454	2781	339	0	5	15
45.56767988	555	3444	396	0	6	17
49.68608689	575	3645	398	0	6	15
51.10568905	583	3721	400	0	6	16
53.30529284	600	3844	408	0	6	17
53.43009305	602	3852	410	0	6	17
53.77329397	608	3876	416	0	6	17
58.93690300	631	4030	466	0	6	16
60.96490693	646	4133	489	0	6	18
61.47970796	655	4166	502	0	6	17
76.05013299	747	4800	659	1	6	11
84.00614691	825	5317	715	1	7	13
84.47414804	829	5345	716	1	7	14
85.98735094	841	5413	738	1	7	18
98.84177303	1030	6389	826	0	6	17
138.04464197	1465	9001	1075	0	6	17
193.39353895	1920	11857	1557	0	6	16
238.97681904	2390	14486	2165	0	7	20
240.75522184	2397	14556	2169	0	7	20
243.17322683	2407	14651	2169	0	7	19
247.97803497	2427	14852	2173	0	7	18
252.50204301	2447	15042	2175	0	7	20
254.71724701	2456	15133	2177	0	7	20
255.16964793	2458	15152	2177	0	7	19
255.59084797	2460	15171	2177	0	7	19
259.10085487	2476	15324	2182	0	7	18
259.97445583	2480	15362	2183	0	7	20
261.26925802	2486	15419	2186	0	7	19
261.73725891	2488	15439	2186	0	7	18
261.75285888	2488	15438	2187	0	7	19
finished uploading
travel-7
k=40
time	expanded	visited	terminated	depth	cost	trace
0.29640007	9	46	0	0	3	8
1.21680212	29	150	7	0	4	9
2.93280506	57	300	26	0	5	15
4.14960718	69	380	39	0	5	16
4.47720814	71	392	49	0	6	14
8.53321505	143	723	81	0	5	15
10.06201816	167	838	96	0	6	14
15.53762698	210	1119	163	1	6	10
15.97442818	215	1156	165	1	5	9
17.16003013	225	1249	166	1	5	7
17.61243105	228	1270	175	1	5	7
20.03043509	258	1403	222	1	7	18
23.41564107	272	1505	257	1	8	16
24.71044302	296	1588	273	0	6	16
37.90806699	451	2275	440	0	7	19
38.07966709	453	2276	448	0	7	25
38.56326818	455	2277	469	0	7	25
44.53807807	476	2479	542	0	7	24
48.25088501	494	2597	594	0	7	26
51.16809011	510	2716	634	0	8	23
51.16809011	510	2715	634	0	8	21
53.28969407	518	2784	646	0	8	22
62.58731008	624	3362	705	1	6	7
63.24251103	627	3383	716	1	6	7
65.75411510	665	3535	740	1	7	16
73.10172796	729	3891	809	1	8	16
73.17972898	731	3895	810	1	8	15
94.86376715	925	4875	1036	0	8	21
112.67899799	1096	5697	1206	0	7	22
112.88179803	1101	5705	1213	0	7	22
116.82860518	1133	5864	1271	0	7	24
131.57063103	1259	6487	1437	0	8	21
186.84152818	1452	8077	1923	0	9	23
194.37634110	1510	8351	1976	1	8	15
197.63674712	1546	8509	2024	1	8	14
202.56635618	1591	8728	2103	1	7	15
204.85956001	1599	8782	2123	1	9	26
207.26196408	1623	8867	2156	1	8	17
209.89836907	1648	8967	2201	1	7	16
216.65318108	1694	9276	2260	1	7	16
finished uploading
travel-8
k=40
time	expanded	visited	terminated	depth	cost	trace
12.69842196	117	1320	32	0	5	11
26.64484692	244	2705	94	0	5	11
28.14244890	250	2782	102	0	5	13
28.76644993	254	2831	103	0	5	13
59.18650413	524	5663	173	0	6	15
60.55930591	534	5778	174	0	6	15
97.95257211	791	8951	240	0	6	14
114.78500104	899	10230	292	0	6	14
118.73180795	921	10523	293	0	6	14
157.32627606	1228	13686	532	0	6	15
158.49627805	1240	13788	538	0	6	15
159.12027907	1246	13839	541	0	6	14
160.24348092	1258	13941	547	0	6	14
163.44148707	1271	14126	551	0	6	14
165.37589002	1278	14225	551	0	6	15
180.77311707	1345	15108	755	0	6	16
181.47511911	1349	15157	756	0	6	16
187.74633002	1397	15608	832	0	6	16
188.99433208	1404	15687	832	0	6	16
190.33593392	1412	15776	834	0	6	16
191.53713608	1419	15855	834	0	6	16
199.78955102	1466	16295	884	0	7	17
200.55395198	1468	16326	884	0	7	17
201.27155304	1470	16357	884	0	7	16
201.97355509	1472	16388	884	0	7	16
209.08716702	1490	16667	909	0	7	17
216.76238108	1512	17000	937	0	7	19
218.40038300	1518	17081	943	0	7	19
234.21881104	1606	18194	984	1	7	11
235.23281312	1611	18255	984	1	7	11
237.88481808	1636	18492	988	1	7	12
252.01844192	1720	19387	1036	1	7	11
252.84524393	1723	19431	1036	1	7	11
256.93245101	1738	19656	1037	1	7	12
260.11485696	1748	19800	1053	1	7	14
260.89485812	1752	19849	1054	1	7	14
308.98974299	2127	24002	1150	0	7	19
434.41396308	3064	34521	1263	0	7	14
436.19236612	3083	34700	1263	0	7	14
568.88619900	4180	45726	1788	0	7	18
