finished uploading
travel-to-la
k=40
time	expanded	visited	terminated	depth	cost	trace
0.07800007	12	25	0	0	3	8
0.28080106	28	57	8	0	4	9
0.73320198	60	119	23	0	5	15
1.12320209	75	153	37	0	5	16
1.20120192	76	150	47	0	6	14
1.85640407	108	215	68	0	5	15
2.44920492	139	278	84	0	6	14
2.58960485	142	283	90	0	6	16
8.67361498	330	668	304	0	7	19
9.09481597	337	677	323	0	7	25
9.48481703	339	680	340	0	7	25
11.04482007	360	727	412	0	7	24
12.44882202	376	764	464	0	7	26
13.47842407	396	798	514	0	8	23
13.47842407	396	797	514	0	8	21
13.99322486	404	815	525	0	8	22
16.85302997	500	987	610	0	8	21
24.12264299	710	1437	759	0	7	22
24.26304293	714	1447	761	0	7	22
26.55624700	761	1544	844	0	7	24
32.76605797	893	1824	1020	0	8	21
32.87525797	895	1828	1022	0	8	20
32.98445892	897	1832	1024	0	8	21
40.86487293	992	2035	1226	0	8	25
50.78649092	1094	2247	1553	0	9	23
58.88290501	1284	2614	1791	0	8	20
59.05450487	1291	2628	1794	0	7	18
62.39391088	1362	2775	1877	0	7	24
113.30260301	2093	4286	3308	0	9	25
113.47420287	2095	4290	3313	0	9	25
113.84860396	2099	4295	3324	0	9	33
121.05581594	2175	4450	3502	0	9	28
121.83581805	2178	4454	3526	0	9	28
123.48942089	2199	4491	3565	0	9	36
124.30062199	2201	4494	3586	0	9	36
124.97142291	2203	4494	3596	0	9	36
128.15382886	2232	4553	3679	0	9	39
132.41263604	2234	4529	3821	0	9	37
133.56703806	2236	4529	3857	0	9	37
159.05748296	2411	4929	4701	0	9	38
finished uploading
travel-2
k=40
time	expanded	visited	terminated	depth	cost	trace
0.09360099	9	23	1	0	3	8
0.14040089	13	32	3	0	4	10
0.37440109	30	74	8	0	4	9
1.27920294	78	193	34	0	5	15
1.73160291	92	231	49	0	5	16
1.95000386	97	238	64	0	6	14
1.95000386	97	237	64	0	6	12
1.99680400	99	242	64	0	6	18
2.04360390	101	247	64	0	6	17
2.18400407	105	257	68	0	6	16
3.54120708	170	416	98	0	6	17
3.57240701	171	418	99	0	6	18
3.90000701	181	441	111	0	6	18
4.49280787	202	498	133	0	5	15
4.61760902	208	513	135	0	6	16
5.74080992	258	647	153	0	6	18
5.83441091	261	655	154	0	6	18
5.95921087	266	668	156	0	6	18
6.02161098	268	674	156	0	6	14
6.89521289	291	731	188	0	6	18
7.42561293	298	746	213	0	6	18
7.76881409	303	757	227	0	6	18
9.53161693	343	860	293	0	7	16
9.59401703	345	865	293	0	7	16
10.71721888	376	937	326	0	6	16
24.35164309	755	1899	645	0	7	24
25.31884503	773	1946	666	0	7	19
25.49044490	775	1948	674	0	7	25
26.48884702	779	1949	722	0	7	25
29.81165290	817	2051	849	0	7	26
31.24685502	841	2104	908	0	8	23
31.26245499	841	2103	908	0	8	21
31.26245499	841	2102	908	0	8	19
31.26245499	841	2101	908	0	8	17
31.34045506	843	2106	908	0	8	28
31.41845608	845	2111	908	0	8	27
31.51205587	847	2116	908	0	8	27
31.59005594	849	2121	908	0	8	26
31.83965588	853	2132	912	0	8	23
31.90205598	854	2134	913	0	8	24
finished uploading
travel-3
k=40
time	expanded	visited	terminated	depth	cost	trace
0.10920000	10	26	1	0	3	8
0.14039993	12	30	2	0	4	10
0.31200004	23	57	7	0	4	9
1.23240209	70	177	31	0	5	16
1.31040192	71	174	41	0	6	14
1.32600212	71	173	41	0	6	12
1.37280202	73	178	41	0	6	18
1.43520212	75	183	42	0	6	16
2.04360294	102	243	63	0	5	15
2.09040308	104	247	64	0	6	17
2.79240513	128	304	91	0	6	18
3.02640510	137	327	96	0	6	18
3.16680503	142	340	98	0	6	18
3.27600503	146	351	99	0	6	14
3.58800602	157	379	105	0	6	18
4.33680701	172	416	135	0	7	16
4.39920712	174	421	135	0	7	16
5.07000899	192	468	154	0	6	17
5.10120893	193	470	155	0	6	18
5.24160910	198	484	156	0	6	18
5.91241002	221	541	173	0	6	18
7.26961207	261	641	220	0	6	18
7.89361310	277	680	237	0	6	16
8.65801501	304	750	264	0	6	16
8.76721501	309	764	266	0	5	15
15.25682592	497	1236	415	0	7	19
16.44242811	509	1269	462	0	7	26
16.78562903	513	1267	487	0	8	23
16.78562903	513	1266	487	0	8	20
16.80122900	513	1265	487	0	8	19
16.80122900	513	1264	487	0	8	17
16.87922907	515	1269	487	0	8	28
17.08203006	517	1274	488	0	8	24
17.20683002	519	1280	489	0	8	23
17.25362992	520	1282	490	0	8	24
17.36282992	522	1287	491	0	8	24
17.45642996	524	1292	492	0	8	23
17.56562996	526	1297	493	0	8	24
17.67483091	528	1302	494	0	8	22
17.76843095	530	1307	495	0	8	24
finished uploading
travel-4
k=40
time	expanded	visited	terminated	depth	cost	trace
1.17000198	80	187	30	0	5	14
1.79400301	120	275	44	0	5	12
4.29000688	213	486	119	0	7	20
8.20561385	377	871	207	0	7	16
10.56121802	424	976	294	0	7	14
11.01361895	440	1016	296	0	7	18
11.15401888	444	1028	296	0	7	20
11.27882004	448	1039	297	0	7	22
11.49722004	452	1050	298	0	7	19
12.72962189	472	1090	341	0	8	20
18.45483184	683	1580	442	0	7	19
20.37363601	737	1714	484	0	7	18
32.21405602	1067	2492	727	0	7	24
32.40125704	1070	2499	733	0	7	24
32.83805799	1076	2515	746	0	7	24
33.18125796	1081	2527	756	0	7	24
33.68045902	1089	2550	767	0	7	22
33.86765885	1092	2557	773	0	7	22
34.28885984	1098	2573	786	0	7	22
34.61646104	1103	2585	796	0	7	22
39.57726884	1197	2824	905	0	7	22
44.47567797	1277	3016	1051	0	8	18
48.00128388	1352	3205	1094	0	8	20
63.16451097	1526	3631	1493	0	9	26
63.41411090	1530	3642	1496	0	9	26
63.64811182	1534	3653	1499	0	9	28
64.20971298	1542	3674	1510	0	9	21
64.74011397	1548	3693	1518	0	9	28
70.96452498	1771	4174	1630	0	7	20
80.30894089	2053	4804	1780	0	8	18
120.58821201	2838	6689	2633	0	9	21
158.18427801	3251	7613	3608	0	9	19
164.39308882	3365	7893	3644	0	9	24
164.56468892	3368	7901	3645	0	9	25
164.78308892	3372	7913	3645	0	9	28
164.98588991	3376	7924	3646	0	9	32
165.43828988	3385	7949	3648	0	9	29
165.64109087	3389	7960	3649	0	9	26
166.09349203	3399	7986	3650	0	9	25
166.31189203	3403	7997	3651	0	9	27
finished uploading
travel-5
k=40
time	expanded	visited	terminated	depth	cost	trace
2.37120414	119	401	45	0	5	14
3.86880612	192	632	69	0	5	12
7.94041419	332	1128	139	0	6	15
9.29761600	356	1218	181	0	6	16
10.59241796	377	1299	211	0	7	20
13.01042318	485	1644	235	0	6	15
23.79004097	814	2791	393	0	6	16
24.35164213	825	2835	401	0	6	16
26.80084705	879	3027	434	0	6	15
28.39205003	916	3152	470	0	7	16
36.84726405	1041	3596	728	0	7	20
38.07966709	1063	3674	753	0	7	18
38.26686716	1067	3689	753	0	7	20
38.43846703	1071	3705	753	0	7	19
38.64126801	1075	3721	754	0	7	19
38.82846808	1079	3737	755	0	7	22
39.01566815	1083	3753	756	0	7	20
42.90007496	1116	3865	880	0	7	21
44.55367804	1132	3922	930	0	7	19
46.86448216	1155	4009	990	0	8	20
47.63409114	1163	4037	1003	0	8	21
50.06809616	1225	4225	1041	0	7	14
76.71994305	1998	6900	1333	0	7	20
77.49994397	2011	6949	1349	0	7	20
78.85714698	2041	7069	1368	0	7	19
80.46395016	2060	7126	1437	0	7	19
88.45116401	2228	7750	1567	0	7	18
115.93841219	2793	9771	2146	0	7	20
116.31281304	2798	9791	2152	0	7	20
116.51561308	2801	9803	2154	0	7	20
116.89001417	2806	9823	2160	0	7	20
117.09281397	2809	9835	2162	0	7	18
117.46721506	2814	9855	2168	0	7	18
117.65441513	2817	9867	2170	0	7	18
118.02881598	2822	9887	2176	0	7	18
138.18405104	3220	11309	2412	0	7	24
138.82365203	3228	11338	2427	0	7	24
139.30725312	3234	11360	2438	0	7	24
139.72845411	3239	11379	2447	0	7	24
139.94685411	3242	11392	2451	0	7	22
finished uploading
travel-6
k=40
time	expanded	visited	terminated	depth	cost	trace
0.17159986	11	40	2	0	3	8
0.67080092	40	136	10	0	4	10
2.88600492	128	478	49	0	5	12
3.12000585	134	502	51	0	5	13
3.44760585	142	534	58	0	5	15
3.52560592	144	542	60	0	5	14
4.24320793	159	598	90	0	5	16
13.82162380	430	1600	327	0	5	15
17.16002989	525	1975	380	0	6	17
17.97123194	546	2048	381	0	6	15
18.29883194	556	2083	384	0	6	16
19.14123392	576	2162	394	0	6	17
19.25043392	578	2169	397	0	6	17
19.56243491	582	2184	406	0	6	17
21.32523799	614	2297	466	0	6	16
21.68403792	620	2322	475	0	6	18
22.62003994	634	2374	494	0	6	17
32.10485697	866	3233	695	0	7	14
32.99405789	884	3309	698	0	6	17
49.14008594	1327	4967	953	0	6	17
72.85212779	1803	6758	1472	0	6	16
98.93537378	2279	8666	2093	0	7	14
99.04457378	2281	8673	2094	0	7	20
100.37057590	2294	8718	2095	0	7	19
100.47977686	2296	8725	2096	0	7	20
101.77457881	2328	8834	2104	0	7	20
101.93057895	2332	8848	2104	0	7	19
102.00857902	2334	8855	2104	0	7	19
102.55457997	2346	8898	2109	0	7	20
102.97578096	2357	8936	2110	0	7	18
103.67778182	2375	8999	2112	0	7	19
103.75578189	2377	9006	2112	0	7	18
103.83378291	2379	9014	2112	0	7	18
103.86498284	2379	9013	2113	0	7	19
104.20818281	2387	9042	2116	0	7	19
104.22378302	2387	9041	2117	0	7	20
104.30178285	2389	9048	2117	0	7	19
104.66058397	2397	9077	2120	0	7	18
104.83218384	2401	9091	2121	0	7	20
106.14258695	2426	9179	2143	0	7	22
finished uploading
travel-7
k=40
time	expanded	visited	terminated	depth	cost	trace
0.06240106	8	20	0	0	3	8
0.17160106	17	39	4	0	4	9
0.70200205	45	104	21	0	5	16
0.79560208	46	102	31	0	6	14
1.24800301	71	158	47	0	5	15
1.54440308	84	188	56	0	6	14
2.60520506	122	266	101	0	6	16
2.88600612	132	290	109	0	5	15
5.28840995	204	456	188	0	7	19
6.27121115	214	481	230	0	7	26
6.56761193	218	477	255	0	8	23
6.69241214	220	482	257	0	8	22
8.28361511	281	619	300	0	8	21
8.95441604	303	664	320	0	7	25
9.68761706	321	701	344	0	7	24
11.73122096	369	810	418	0	7	25
17.50323105	481	1088	611	0	8	21
25.16284513	556	1275	828	0	9	23
27.17524815	642	1446	885	0	8	21
29.21885204	696	1554	934	0	8	21
30.34205413	717	1597	966	0	8	25
33.50885916	777	1737	1058	0	7	22
33.78965998	782	1747	1066	0	7	22
35.30286217	810	1811	1119	0	7	24
52.33809209	1079	2461	1569	0	9	25
52.52529311	1081	2465	1574	0	9	25
61.23010802	1155	2624	1777	0	9	38
65.06771517	1162	2608	1925	0	10	34
65.06771517	1162	2607	1925	0	10	33
65.08331513	1162	2606	1925	0	10	30
65.27051497	1164	2612	1926	0	10	31
65.84771609	1170	2629	1935	0	10	32
70.48092413	1316	2928	2039	0	8	20
75.44173312	1421	3168	2170	0	10	32
76.00333405	1440	3210	2176	0	8	20
78.23413801	1470	3288	2211	0	10	30
83.88134813	1584	3537	2372	0	9	37
84.98895001	1600	3566	2401	0	9	28
87.37575412	1634	3637	2457	0	9	36
88.81095600	1645	3666	2482	0	9	36
finished uploading
travel-8
k=40
time	expanded	visited	terminated	depth	cost	trace
5.19480896	113	914	31	0	5	11
12.60482192	227	1963	93	0	5	13
13.71242404	244	2117	94	0	5	11
14.13362503	250	2162	102	0	5	13
29.82725191	530	4409	187	0	6	15
30.43565297	540	4492	188	0	6	15
45.81728005	784	6538	255	0	6	14
51.13688993	860	7195	291	0	6	14
52.02609110	874	7312	292	0	6	14
79.27933908	1223	10410	550	0	6	15
81.21374202	1233	10495	555	0	6	15
81.74414301	1239	10546	558	0	6	14
82.63334513	1249	10631	563	0	6	14
83.17934608	1256	10685	566	0	6	16
84.22454810	1269	10800	567	0	6	14
84.64574814	1276	10841	569	0	6	15
93.49096394	1342	11489	774	0	6	16
93.74056411	1346	11513	776	0	6	16
98.06177211	1390	11882	842	0	6	16
98.76377296	1401	11961	843	0	6	16
99.10697412	1406	11998	845	0	6	16
105.20658493	1457	12440	904	0	7	17
105.39378500	1459	12455	904	0	7	17
105.58098507	1461	12470	904	0	7	16
105.75258493	1463	12485	904	0	7	16
107.76498914	1481	12620	929	0	7	17
109.60579205	1498	12748	951	0	7	19
110.93179512	1510	12845	966	0	7	19
135.01823711	1911	16112	1052	0	7	19
191.10033512	2830	23271	1153	0	7	14
191.44353604	2837	23314	1153	0	7	14
272.90687895	3936	32585	1746	0	7	18
273.57768011	3944	32650	1750	0	7	18
341.42219901	4786	40004	2433	0	7	18
343.68420291	4814	40239	2459	0	7	18
344.58900499	4826	40330	2467	0	7	19
363.65223813	5080	42420	2621	0	6	15
365.27464104	5095	42570	2632	0	7	18
367.11544514	5114	42757	2641	0	6	14
367.52104497	5118	42790	2645	0	6	15
